	T1	T2	MZ	FO1	FO2	FO	T1log	T2log	FO1log	FO2log	FOlog	MZlog	fold
Wfdc17	1	1.94798	1	23.6364	11.7873	17.71185	1	1.559726737	4.622719552	3.676639771	4.225880297	1	13.45892076
Hist1h4d	1.74865	4.65749	2.36812	45.6688	11.2435	28.45615	1.458723213	2.500162129	5.544386466	3.613944129	4.880496973	1.75194354	9.729418777
Fam101b	1	5.31391	1	23.5083	18.3838	20.94605	1	2.658533696	4.615198511	4.276779519	4.455889392	1	8.591594646
Fxyd5	2.43525	11.3149	9.7418	83.0924	51.3049	67.19865	1.780415095	3.622333008	6.393903515	5.708874201	6.091671276	3.42516386	8.581490681
Fcgrt	2.45686	15.3904	1.31053	56.9276	34.9602	45.9439	1.789462177	4.034779158	5.856178989	5.16832914	5.552865798	1.208223822	7.194551146
Hist1h3a	1.5192	3.17837	1	21.9533	4.76156	13.35743	1.332965663	2.062940251	4.52062968	2.526459489	3.843725623	1	7.033224691
"Hist1h4m,Hist1h4n"	2.4816	1.79304	1	16.8824	6.04645	11.464425	1.799750462	1.481836235	4.160468469	2.816896611	3.639744426	1	6.520497133
Itgb7	18.2603	55.3809	7.6434	198.618	151.332	174.975	4.26755827	5.817134603	7.641098007	7.251075227	7.459226676	3.111598928	6.457865328
Irgc1	1.20337	3.18066	1.81447	17.794	8.40529	13.099645	1.139711779	2.063730718	4.232200249	3.233472428	3.817586934	1.49286327	6.340071792
Pglyrp1	3.89813	29.8378	8.98367	109.937	66.9873	88.46215	2.292231065	4.94662794	6.793596807	6.087193372	6.483205525	3.319570248	6.212287802
Smagp	2.49773	6.30067	6.34034	38.3682	22.5891	30.47865	1.806418928	2.86802887	5.298958846	4.560048471	4.976301765	2.875846889	6.039865273
Hist1h4c	5.97265	8.66417	1.28718	54.6624	8.53016	31.59628	2.801707066	3.272645833	5.79863121	3.252500435	5.026635423	1.19356991	5.952577242
Fam212a	1.88285	3.92603	2.186	17.8313	13.5079	15.6696	1.527495773	2.300425414	4.235060693	3.858766801	4.059147581	1.671746267	5.879863112
Fcer2a	18.5083	319.926	6.56398	777.72	556.803	667.2615	4.286016158	8.326096865	9.60496087	9.123611883	9.38426895	2.919145549	5.80230284
Hist1h4b	2.63605	2.47042	1	18.6135	4.87	11.74175	1.862372038	1.795110272	4.2937751	2.553360503	3.671491531	1	5.768512741
Stat4	1.19593	4.92223	6.02762	25.4215	19.9442	22.68285	1.134832066	2.566140521	4.723640468	4.388478874	4.565770801	2.813036184	5.602649645
Lfng	4.07366	14.1871	7.62311	49.1634	44.832	46.9977	2.343026844	3.924774506	5.64856323	5.518283338	5.58489337	3.108208284	5.447141405
Gimap4	10.5066	73.6798	76.9667	312.959	271.816	292.3875	3.5243897	6.222646159	8.294432359	8.091784447	8.196663595	6.284786168	5.443038328
Sfn	13.9937	33.073	6.49432	120.103	66.6649	93.38395	3.906284536	5.090557072	6.920090794	6.08033575	6.560469645	2.905797581	5.230517455
Apoe	31.8629	75.7668	62.15	389.596	193.037	291.3165	5.038387892	6.262410606	8.609533365	7.600187969	8.191387455	5.980710829	5.147550031
Mapk11	10.3236	29.9324	2.95188	81.5666	64.1978	72.8822	3.501260788	4.951046869	6.367486393	6.026751379	6.207154921	1.98253914	5.060340845
Rhox8	3.65691	9.65014	1	20.4383	27.7206	24.07945	2.219373001	3.41280049	4.422118603	4.844013984	4.648433805	1	5.049143604
Slc2a6	1	4.85682	1.01629	13.6891	9.0596	11.37435	1	2.550117556	3.8766741	3.330501035	3.62928084	1.011703154	4.964717573
Bmyc	6.40159	36.6952	20.9494	140.196	69.2982	104.7471	2.887835222	5.236308921	7.141555408	6.135415844	6.724474289	4.456109598	4.906479214
Gm11346	3.29655	5.78299	1	17.402	14.2726	15.8373	2.103178684	2.761921366	4.201790667	3.932873782	4.073588904	1	4.713697252
Agpat2	4.15876	8.17181	3.0575	28.1017	18.6786	23.39015	2.36702433	3.197206469	4.863031527	4.298555681	4.608226726	2.020591095	4.56005529
Rabac1	57.1835	128.203	61.2362	480.915	260.278	370.5965	5.862538179	7.013495759	8.912634897	8.029441842	8.537593103	5.95968207	4.508058261
Rapgef4	1	11.2349	4.67543	26.4718	23.5514	25.0116	1	3.612930405	4.779879536	4.617733389	4.701083239	2.504729703	4.437216778
Hist2h2ac	5.29329	6.203	1	31.5521	4.97456	18.26333	2.653814425	2.848597904	5.024678712	2.578832469	4.267785214	1	4.38450052
Gpr183	3.67909	11.5472	16.8275	56.8927	35.0935	45.9931	2.226227978	3.649293547	5.855309537	5.173667144	5.554377036	4.156032499	4.304617332
Rpph1	47.7628	43.9763	5.74316	253.982	25.5217	139.75185	5.607709064	5.491093077	7.994251596	4.729101348	7.137010075	2.75342483	4.300839455
Tmem238	1.23356	4.56144	1.68433	13.0113	8.38007	10.695685	1.15934501	2.475458482	3.808518913	3.229598689	3.547904456	1.424562041	4.290097509
S100a6	1.34972	5.00355	1.15595	7.64072	13.7109	10.67581	1.232488851	2.585815843	3.111151532	3.878813607	3.545450734	1.10832372	4.265080794
Hist1h4n	2.89221	3.85588	1	19.3259	2.29711	10.811505	1.960589551	2.27973277	4.345247329	1.72120202	3.562120897	1	4.186130388
Hist1h2ai	2.75419	3.62008	1	15.3371	4.85302	10.09506	1.908501667	2.207917833	4.030080008	2.549181208	3.471845564	1	4.106871595
Neurl3	25.5286	46.5602	18.6634	129.673	118.474	124.0735	4.729476637	5.571682877	7.029817268	6.900552882	6.96663234	4.297440895	4.101503875
B4galnt1	41.6994	173.977	87.851	512.539	304.557	408.548	5.416143893	7.451021488	9.004330034	8.255297722	8.677888739	6.473316108	4.038001182
Fkbp11	3.22813	4.82254	1	14.0771	10.2847	12.1809	2.080019735	2.541648646	3.914287055	3.49629616	3.720376977	1	4.037568489
Ptms	2.39282	9.80168	6.80151	30.9827	19.7956	25.38915	1.762484892	3.433183809	4.999219832	4.378206405	4.721872977	2.963753388	4.009655185
H2-Ab1	874.747	2800.1	1124.36	8136	4642.04	6389.02	9.774370331	11.45177777	12.99028128	12.18085399	12.64160473	10.13617087	3.993797309
Gimap3	21.8359	109.162	41.6673	223.183	226.289	224.736	4.513231745	6.783482847	7.808533071	7.828384054	7.818492705	5.415058914	3.904712704
Gna15	2.3251	4.18194	1.71407	11.3936	9.36239	10.377995	1.733397729	2.373492311	3.631523406	3.373284882	3.508174447	1.440457931	3.787078022
Rrad	4.42112	6.89146	4.01974	21.4716	15.9008	18.6862	2.438590942	2.980292238	4.490030944	4.079019633	4.299112752	2.327612641	3.656237282
H2-Eb1	396.587	1465.87	813.59	3915.89	2584.15	3250.02	8.635126775	10.5185253	11.9354929	11.33603228	11.66667672	9.669930294	3.643456187
Pxdc1	33.8836	66.3215	19.3949	172.631	117.027	144.829	5.124477029	6.072995417	7.439880739	6.88297312	7.188133837	4.350136528	3.632834448
H2-Aa	893.242	3016.98	1629.06	7816.82	5202.61	6509.715	9.804521497	11.55936753	12.93255065	12.34529712	12.66860027	10.67070935	3.52557335
Cltb	1.40829	4.11979	3.1317	11.2972	8.87579	10.086495	1.268009128	2.356084636	3.620257955	3.303896159	3.470731424	2.046735505	3.494255628
Xkrx	2.61692	10.5312	7.90583	31.8893	17.0608	24.47505	1.854761688	3.52747075	5.039546398	4.174789893	4.671013073	3.154750073	3.487476222
Vkorc1	4.34523	10.9482	8.23584	32.0697	22.3283	27.199	2.418252027	3.578721387	5.047438053	4.544009273	4.817572097	3.20724318	3.467893394
Cisd3	22.2077	32.7071	4.65481	80.6495	56.5433	68.5964	4.536531646	5.074980605	6.351372146	5.846576054	6.120940777	2.499478551	3.454600425
Rara	6.87053	23.3088	7.05019	53.4782	31.5461	42.51215	2.97646079	4.603406772	5.767607131	5.02441277	5.443346399	3.009022834	3.42568075
H2-Eb2	4.13471	26.706	31.5801	74.7155	67.8098	71.26265	2.360282798	4.792126534	6.242516765	6.104542145	6.175178257	5.025919127	3.424946745
Gsn	13.1773	22.2759	22.6771	76.5446	55.2845	65.91455	3.825510899	4.540765048	6.276954414	5.814665773	6.064248042	4.565420484	3.401731111
Kctd14	5.30937	9.06561	1	20.8759	13.508	17.19195	2.657495957	3.331362701	4.451270467	3.858776745	4.185228289	1	3.354531193
H2-Oa	95.8066	293.884	130.295	717.781	435.659	576.72	6.597033505	8.204003736	9.489408463	8.770363266	9.17422663	7.036668166	3.32732291
Rps15a-ps6	19.3472	40.9105	25.9296	91.6802	98.06	94.8701	4.346758372	5.389239828	6.534189252	6.630230716	6.583009032	4.751120896	3.302230143
Macrod1	2.79607	5.95317	1.88531	15.3026	7.97226	11.63743	1.924506596	2.797670863	4.027030164	3.165471428	3.659631196	1.528726332	3.28291183
Prr7	4.77647	8.50518	1.85809	22.394	10.6923	16.54315	2.530188131	3.248713948	4.548066655	3.547486846	4.132835912	1.515051347	3.278091301
Gadd45g	20.5353	42.3616	1	74.3899	64.7467	69.5683	4.428631516	5.438346087	6.236299353	6.038846578	6.140948351	1	3.266275829
Scimp	10.0531	11.974	1	33.6374	16.1701	24.90375	3.466379146	3.697551439	5.114258735	4.101826537	4.695089062	1	3.244492359
Tuba1a	31.3472	53.1222	15.5651	123.276	92.8093	108.04265	5.015568932	5.758148579	6.957403902	6.55165905	6.768748718	4.050075008	3.240161644
Gimap7	9.17389	37.0256	19.0809	71.6358	68.9477	70.29175	3.346799496	5.248899107	6.182608879	6.128204715	6.15566323	4.327752025	3.230300095
Tnfaip8l2	26.1638	49.4352	17.7259	118.254	81.8179	100.03595	4.76361341	5.656359073	6.897893847	6.371870716	6.658724905	4.226963154	3.215731814
Lmo2	51.6096	117.111	29.4934	222.45	194.569	208.5095	5.717254176	6.883999523	7.803808235	7.611533894	7.710871853	4.930425114	3.155824008
Uba52	1590.06	4274.37	1264.81	8335.34	6662.87	7499.105	10.63577253	12.06183356	13.0251984	12.70214454	12.87269508	10.30584515	3.155640012
Ogfod3	4.09594	5.9066	2.96721	15.9878	11.2908	13.6393	2.349348291	2.787975671	4.086427124	3.619506918	3.871774666	1.988124767	3.154871913
Icosl	17.719	87.7474	55.6327	165.444	172.989	169.2165	4.226431461	6.471632949	7.378893055	7.442852288	7.411227082	5.823563408	3.151162856
Map1lc3a	6.45991	7.42804	1.17128	19.6778	11.5652	15.6215	2.899158225	3.075197161	4.370010794	3.65136173	4.054978678	1.118545782	3.112011703
2310010J17Rik	2.36392	5.0465	2.40563	9.57512	10.7107	10.14291	1.750143396	2.596100284	3.402602129	3.54975541	3.47805414	1.767921704	3.099895579
H2-DMa	87.8208	218.76	99.7779	505.305	330.078	417.6915	6.47282566	7.779785005	8.983862921	8.371027337	8.70974382	6.655035489	3.083665983
Stac2	8.31718	10.1113	1.22265	20.8681	19.4398	20.15395	3.219893365	3.473955714	4.450755973	4.353309175	4.402855173	1.152280786	3.076761998
Rps15	1461.92	3952.08	1171.36	7402.43	6062.41	6732.42	10.51463516	11.94876144	12.85397811	12.56591366	12.71712374	10.19519994	3.06699406
Gm13826	27.4514	61.14	20.6683	139.784	80.6419	110.21295	4.830427739	5.957450336	7.137339572	6.351237853	6.79718098	4.437514065	3.026173877
Pacsin1	1.38362	9.54832	4.67785	18.6482	12.437	15.5426	1.253154258	3.398941338	4.296325246	3.748139167	4.048114096	2.505344736	2.98708695
Gmfg	57.6493	104.082	9.26665	181.891	158.25	170.0705	5.874041984	6.715371754	7.514840272	7.315149562	7.418447188	3.359893603	2.983728752
Sell	40.3583	165.393	95.7084	308.126	290.091	299.1085	5.370104981	7.378450932	8.272051191	8.185326424	8.229340371	6.595569301	2.976601848
Rps15a-ps4	3.3017	5.71262	3.50951	13.0026	11.834	12.4183	2.104906915	2.746875974	3.807622826	3.681898983	3.746129999	2.17297068	2.974720992
Rpl18a	787.221	1944.44	582.61	3789	2773.01	3281.005	9.622456376	10.92588077	11.88798213	11.43775727	11.68036172	9.188860793	2.969888401
Scand1	95.6193	159.04	24.5008	404.037	146.233	275.135	6.594239495	7.322288724	8.661909894	7.201957255	8.10922995	4.672470602	2.956744177
Ier2	39.791	75.5054	10.2043	148.725	97.9787	123.35185	5.35017897	6.257489676	7.226171322	6.629046189	6.958284161	3.485980613	2.948633354
Rpl37a	626.866	1727.07	635.303	3000.45	2851.56	2926.005	9.29431288	10.75494594	11.55144392	11.47804152	11.51520949	9.313570113	2.936538363
Ppdpf	105.448	201.171	62.7559	480.649	241.864	361.2565	6.734005034	7.659432257	8.91183836	7.924004843	8.500867766	5.994486951	2.934063738
Hcst	1	26.9277	41.7109	68.7831	67.237	68.01005	1	4.80362486	6.124805783	6.092482316	6.108734573	5.416532394	2.929842788
Snrnp25	16.1066	42.6238	14.6555	72.9856	69.976	71.4808	4.096481142	5.447043541	6.209172598	6.149259365	6.179526974	3.96859768	2.922119917
Anxa5	7.01147	10.889	6.28568	25.9309	21.1802	23.55555	3.002066983	3.571555468	4.751190539	4.471200469	4.617977232	2.865063631	2.921781681
2310001H17Rik	8.06727	9.32634	10.6967	35.3874	19.3149	27.35115	3.180668245	3.3682571	5.185367064	4.344466358	4.825335351	3.548029653	2.921058899
Aes	129.045	229.248	67.8472	533.017	293.06	413.0385	7.022867121	7.847044814	9.060741859	8.199966742	8.693621115	6.105326076	2.907764862
2610035D17Rik	3.9563	8.20177	5.25476	20.7262	12.9596	16.8429	2.309263515	3.201911396	4.441363958	3.803185698	4.15727821	2.644954528	2.901808609
Fau	1229.73	2813.01	944.902	5450.57	4183.96	4817.265	10.26529858	11.45841174	12.41245606	12.03099812	12.23429803	9.885546911	2.897520512
Rpl36	588.676	1825.86	603.466	3001.89	2822.7	2912.295	9.203778667	10.83515036	11.55213591	11.4633711	11.50843608	9.239517383	2.894923529
Rps21	1196.71	3583.25	1234.57	6054.67	5461.83	5758.25	10.22606292	11.80745555	12.56407087	12.41543281	12.49166523	10.27096103	2.872169563
Rras	7.62071	14.4593	7.01438	34.8188	20.4952	27.657	3.107806694	3.95040309	5.1626451	4.425942629	4.840815682	3.002590916	2.851786891
Rps16	1256.71	2975.47	1084.51	5754.43	4340.04	5047.235	10.29658359	11.53938664	12.490708	12.083825	12.30156336	10.0841573	2.847957094
Crat	2.53884	7.4557	3.40707	16.154	9.27452	12.71426	1.823276535	3.079924192	4.100473121	3.360999091	3.777604874	2.139819812	2.846134159
Enpp1	3.68848	5.97162	1.23416	11.4038	9.24906	10.32643	2.229120278	2.801493935	3.632710264	3.357419693	3.501621302	1.159732509	2.843634171
Emp3	106.241	152.122	8.8721	299.386	206.948	253.167	6.744712767	7.258537769	8.230673765	7.700078999	7.989632919	3.303357008	2.842070521
Rps19	880.516	1974.55	791.172	3703.94	3137.1	3420.52	9.783842945	10.94803865	11.85523446	11.61567561	11.74042167	9.629669899	2.814286945
Bola1	6.46767	12.184	4.7738	25.6836	18.1449	21.91425	2.900658176	3.720716243	4.737881415	4.258888219	4.518173161	2.529521135	2.806464502
Trp53i13	5.6346	7.45637	5.33709	20.7856	13.5497	17.16765	2.730009488	3.080038502	4.445302942	3.862917501	4.183299913	2.663820505	2.794811282
1110054M08Rik	3.03934	6.71439	4.69435	15.9842	10.8697	13.42695	2.014119586	2.947552083	4.08612136	3.569211567	3.850694427	2.50953117	2.78797252
Pnkd	16.1552	23.0352	6.91274	52.7993	32.8437	42.8215	4.10057404	4.587076903	5.749515496	5.080815396	5.453566963	2.984177353	2.786458797
Dpm3	60.3314	119.82	25.1685	246.473	134.524	190.4985	5.938553978	6.916715481	7.951127321	7.082404551	7.581189281	4.709759325	2.783439404
Dnase2a	9.74788	27.3065	15.3423	58.3694	38.5846	48.477	3.425980214	4.823061471	5.891647628	5.306867368	5.628686121	4.030539136	2.775576621
Pear1	3.25899	5.29631	7.82531	17.7012	12.591	15.1461	2.090511342	2.654506574	4.225058941	3.764579706	4.013113827	3.141646956	2.773907687
Rps5	1059.85	2949.29	1048.22	5616.82	3730.09	4673.455	10.05100496	11.52664106	12.45579468	11.86538145	12.19058245	10.0351015	2.772269524
Neurl2	3.25665	5.49907	4.78614	16.8148	8.21073	12.512765	2.08971847	2.700233287	4.155004382	3.203315502	3.756251006	2.532601231	2.772019132
Dexi	15.2154	34.0109	8.80064	66.8758	39.9331	53.40445	4.019292707	5.129732243	6.084825392	5.355196026	5.765652756	3.292875963	2.761016693
Rpl13	862.833	2625.77	1285.98	5141.34	3643.69	4392.515	9.754608621	11.35907417	12.32820929	11.8315804	12.1011599	10.32977392	2.759936313
4930481A15Rik	5.78357	9.59268	4.5539	22.9053	13.752	18.32865	2.762044723	3.404995739	4.579258606	3.882838656	4.272668972	2.473501201	2.758933074
Shisa5	279.277	936.647	511.77	1867.96	1308.24	1588.1	8.130709549	9.872901077	10.86801998	10.35451387	10.6339942	9.002168048	2.757606382
2010003O02Rik	20.2515	60.6309	24.7146	101.164	91.9192	96.5416	4.40949277	5.945581954	6.674743106	6.537904828	6.607945732	4.684515807	2.74273701
Cd69	11.6996	16.9819	6.24571	32.2479	31.5991	31.9235	3.666711152	4.168473562	5.055191315	5.02676023	5.041045807	2.857127065	2.742002582
Rps14	1002.57	2413.88	852.806	4616.59	3122.17	3869.38	9.970925534	11.23773579	12.17292437	11.60879538	11.9182595	9.737764491	2.719007715
Bcl7c	25.0936	46.0617	8.65603	92.8958	50.3857	71.64075	4.705624094	5.556481531	6.552988722	5.683295026	6.182707193	3.271430158	2.692878943
Rdm1	10.3805	17.2139	14.323	44.6835	30.0585	37.371	3.508492038	4.186967963	5.513601281	4.95691625	5.261944459	3.937626877	2.674617223
Tpgs1	19.8939	35.6581	9.57684	76.8133	39.058	57.93565	4.385009902	5.196060107	6.281944859	5.324018488	5.881068675	3.402836759	2.668663376
Cd55	84.6638	94.0308	29.0237	182.448	186.457	184.4525	6.420613771	6.570323269	7.519227366	7.550415889	7.534905906	4.908029875	2.663980497
Nudt8	5.48877	20.0572	18.2062	45.994	31.5323	38.76315	2.697945029	4.396241707	5.554404666	5.023800918	5.313360145	4.263500201	2.657912739
Crlf2	27.247	53.2441	26.0617	122.99	65.1349	94.06245	4.820025748	5.761394323	6.954079959	6.047339891	6.570803679	4.758180566	2.648333502
Rpl18	1046.78	2215.07	797.796	4215.47	2934.58	3575.025	10.03312011	11.11378774	12.04181997	11.51942986	11.80414111	9.641683298	2.641874439
Pltp	5.29155	5.77839	4.18142	14.4498	12.2809	13.36535	2.653415486	2.760942646	3.949516257	3.731281011	3.844521238	2.373347532	2.629014724
Rpl13a	1175.18	2550.07	961.815	4568.02	3619.83	4093.925	10.19989315	11.31688677	12.15766904	11.82210473	11.99962131	9.911114808	2.620355169
Rpl38	856.238	2498.53	957.164	3765.49	3745.67	3755.58	9.743551994	11.28744113	11.87900498	11.8713932	11.87520411	9.9041288	2.61292154
Tnf	1.1527	6.6731	8.30178	13.4095	14.5957	14.0026	1.10614728	2.939809557	3.848948371	3.963076403	3.907140641	3.217506819	2.604718129
Pfdn5	143.947	318.45	107.322	542.126	445.543	493.8345	7.179381664	8.319446329	9.085143118	8.802655297	8.950802279	6.759182471	2.600410904
Fbxw4	7.0516	14.7965	8.11673	30.5876	21.2788	25.9332	3.009275502	3.981533034	4.981286421	4.477599622	4.751313745	3.18851645	2.596363804
Sertad1	14.6841	24.6311	4.64362	44.455	31.3708	37.9129	3.97123084	4.67982349	5.506367093	5.016621115	5.282176597	2.496620851	2.587392018
Ccr6	6.10911	21.0855	27.3014	35.658	58.3222	46.9901	2.829668958	4.465027589	5.196056172	5.890500197	5.584664914	4.822801516	2.586800391
Rnf144a	5.71098	8.97455	4.46089	14.4515	18.5345	16.493	2.746523458	3.318251756	3.949674994	4.287952424	4.128705823	2.449136097	2.584242903
Rps24	542.518	1430.58	918.035	2654.25	2326.1	2490.175	9.086184004	10.48339258	11.37463199	11.18431749	11.28261066	9.843975995	2.583943734
Pacs1	7.27654	22.0193	10.8219	36.7635	32.2822	34.52285	3.049027776	4.524772058	5.238920578	5.056678896	5.150675429	3.563390017	2.581614767
2810428I15Rik	19.3299	35.2965	9.18645	63.4617	46.283	54.87235	4.345531214	5.181758534	6.010370331	5.563249669	5.804062596	3.348579452	2.579684969
Use1	76.0153	170.389	65.7094	290.394	243.732	267.063	6.267073178	7.421130708	8.186827361	7.935058944	8.066428292	6.05981816	2.566977996
Trim59	19.7261	15.2471	7.12203	38.9343	32.9835	35.9589	4.373376767	4.022110324	5.31955652	5.08676254	5.207849914	3.021840356	2.56268228
Gstp2	13.8288	30.112	14.4176	60.7382	38.6471	49.69265	3.890329949	4.959399235	5.948091516	5.309143438	5.663704679	3.946506299	2.554524284
Krtcap2	86.2124	123.079	32.824	259.175	152.633	205.904	6.446461369	6.955115154	8.023338531	7.263344327	7.692817726	5.079975377	2.551312308
Ralgds	6.5273	13.4347	7.22888	27.282	18.9486	23.1153	2.912132471	3.851469219	4.821812241	4.318215596	4.591876853	3.040696085	2.550336731
Bcl2a1d	1.79241	7.73446	11.5405	17.5649	18.2094	17.88715	1.481510783	3.126718513	4.214505639	4.263740552	4.239333116	3.648522966	2.547135689
Haao	55.7426	120.023	43.1461	200.331	171.024	185.6775	5.826360353	6.919137443	7.653425519	7.426466047	7.544404242	5.464214086	2.544553352
Cd74	6168.36	12403.4	4189.31	25091.8	13485.8	19288.8	12.59090512	13.59856433	14.61498584	13.71926046	14.23555056	12.03284126	2.542340936
Spint2	10.7033	24.3878	23.6239	59.846	39.483	49.6645	3.548843481	4.666063477	5.927090519	5.3392443	5.662903317	4.621987373	2.537571319
Def6	25.6946	44.5159	16.4792	81.1332	65.4646	73.2989	4.738476026	5.508298703	6.359893603	6.05451424	6.215268947	4.127567251	2.536595466
Acbd6	12.5425	27.4033	12.8885	54.9311	33.538	44.23455	3.759422186	4.827986652	5.805578799	5.110112638	5.499353214	3.795818887	2.511695054
Gimap1	109.704	225.372	88.5956	421.909	286.188	354.0485	6.790563541	7.822551712	8.724203453	8.165851658	8.471872302	6.485355979	2.507001885
"Gm9846,Rps27"	2399.49	5532.79	3347.81	9375.98	9468.29	9422.135	11.22911321	12.43405218	13.19490764	13.20904054	13.2019914	11.70943281	2.505866974
Gimap6	137.411	278.812	123.252	454.846	444.09	449.468	7.112814793	8.128314025	8.832402706	8.797953277	8.815280814	6.957125264	2.499474489
Gstp1	45.1765	105.485	54.9329	208.144	133.696	170.92	5.529086921	6.734506409	7.7083528	7.073563198	7.425593578	5.805625228	2.494036803
Dtd1	4.56982	10.2298	6.70959	19.2247	16.4863	17.8555	2.477630705	3.489260329	4.338046398	4.128153151	4.236913502	2.946654139	2.490398299
Khk	3.2548	6.76824	4.86571	12.9365	11.6352	12.28585	2.089091319	2.957587774	3.800796384	3.659376595	3.731818626	2.552305746	2.475530182
Gm5617	3.79138	7.75755	3.31606	15.4958	8.94784	12.22182	2.260441237	3.13052732	4.044026841	3.314383304	3.724848874	2.109714921	2.466564727
Dnajb2	4.37797	5.92575	7.5841	15.5662	13.7321	14.64915	2.427061707	2.791970311	4.050170806	3.88089119	3.968012393	3.101666883	2.456836551
Arl2	10.4283	19.8259	9.12275	38.3841	26.0428	32.21345	3.514538908	4.380306938	5.299541403	4.75717263	5.053695683	3.339529368	2.454236552
Ddb2	4.51644	12.2838	14.3354	22.5713	28.0232	25.29725	2.463737533	3.731596002	4.558959423	4.85913469	4.716840034	3.938793892	2.437455919
Arhgef3	33.8231	41.0816	13.6614	77.4102	66.4983	71.95425	5.121972734	5.395117654	6.292969435	6.076779262	6.188920121	3.873950966	2.437306712
Phf1	26.8607	41.4633	51.5315	108.59	85.5352	97.0626	4.800159601	5.408144588	6.775972349	6.435215193	6.615631108	5.715110875	2.429490511
Fbxo6	6.18959	9.41765	5.07003	21.5388	11.8954	16.7171	2.845909501	3.380957968	4.494338801	3.688784619	4.147070572	2.601703647	2.425431404
Bcdin3d	5.02873	7.64717	5.05651	16.8203	11.8279	14.3241	2.591854119	3.112228052	4.155449719	3.681213107	3.93773044	2.598486695	2.42337618
N6amt2	4.03251	8.36136	6.84542	18.6211	12.4457	15.5334	2.331278134	3.226718137	4.294334019	3.749072961	4.047311532	2.971850683	2.422137199
2300009A05Rik	8.57202	16.5074	7.73663	33.3205	19.6045	26.4625	3.258823411	4.129892942	5.100998666	4.36488755	4.77939106	3.127076893	2.419166841
Ptpn18	22.2653	57.1982	31.1204	93.9045	84.0613	88.9829	4.540107885	5.862902628	6.568404591	6.410430999	6.491578958	5.005417954	2.413992453
Snx22	20.3956	31.5786	12.73	59.0489	44.9393	51.9941	4.419242232	5.025852703	5.908065913	5.521656969	5.727759844	3.77925972	2.410698224
Klf2	252.084	270.629	7.20403	607.561	242.032	424.7965	7.983472493	8.085493704	9.249258071	7.925002476	8.734020281	3.036332767	2.404884969
Gpr18	40.7416	83.1956	73.8693	190.363	126.678	158.5205	5.383413996	6.395672936	7.580168102	6.996366148	7.317598027	6.226302361	2.404175293
Dgat1	8.12865	12.9543	7.11533	24.5463	20.3707	22.4585	3.190401522	3.80263785	4.675042448	4.417562259	4.552038861	3.020649761	2.389347861
Insl3	3.87454	11.1537	11.8141	27.8997	14.7309	21.3153	2.285266081	3.603323681	4.852982611	3.975529308	4.479961297	3.679660249	2.382277402
Gm12191	809.348	1881.26	948.93	3060.52	2699.1	2879.81	9.662397789	10.87825021	11.58003239	11.39879712	11.4922588	9.891677395	2.373771067
Pck2	10.7845	19.1909	11.288	34.2722	30.9968	32.6345	3.558818643	4.335633314	5.140459657	4.999855723	5.071869907	3.619178216	2.372647431
A430005L14Rik	10.5688	18.4273	6.94524	33.7912	22.9756	28.3834	3.53216732	4.280013504	5.120650535	4.583495015	4.876929437	2.990090799	2.369143721
Tsen34	12.4343	17.7855	8.46211	37.4352	23.5936	30.5144	3.747849246	4.231547611	5.264356271	4.620211026	4.977939291	3.242161933	2.366563595
Sfxn3	11.1461	13.0586	4.70726	25.9001	19.6915	22.7958	3.602421247	3.813381028	4.749539631	4.37096633	4.572635053	2.512798288	2.365367135
Tuba4a	28.7469	56.0535	26.9148	99.8795	74.5261	87.2028	4.894667424	5.834243488	6.65648922	6.238903386	6.46275255	4.802958315	2.341744006
Gm15987	8.81871	17.3375	9.66445	29.9169	25.9911	27.954	3.295533493	4.196725061	4.950323764	4.754411869	4.855690765	3.414737658	2.341162893
Tspo	69.1316	105.672	30.3166	199.276	120.754	160.015	6.131992737	6.737037727	7.645845736	6.92782536	7.331051284	4.968855685	2.340310706
Zyx	9.59076	22.0617	16.6868	44.1769	31.0171	37.597	3.404734217	4.52742696	5.497513373	5.000770734	5.270416811	4.144601146	2.333320783
Ndufb2	35.1248	57.1661	23.1064	105.071	74.4243	89.74765	5.174917695	5.862106671	6.728886465	6.236957497	6.503788378	4.591344313	2.333182405
Cst3	183.022	214.433	49.6178	364.978	330.346	347.662	7.523734442	7.751095448	8.515613116	8.372194693	8.445685326	5.6615729	2.332922065
Stard10	16.7232	20.2466	17.5591	48.4983	36.2134	42.35585	4.147567207	4.409160086	5.629307072	5.217750303	5.438154764	4.214054845	2.33027899
Ppcs	10.5289	19.573	11.0792	34.5291	29.3321	31.9306	3.527182963	4.362680281	5.150929239	4.922773479	5.041356893	3.594453004	2.326110764
Ccdc101	12.6424	20.0069	9.46464	39.4164	25.8661	32.64125	3.770025564	4.392791373	5.336868918	4.747715004	5.072159407	3.387450776	2.325209895
H2-DMb1	102.197	191.406	118.686	318.564	319.386	318.975	6.689257221	7.588009979	8.319961083	8.323667297	8.32181538	6.903110596	2.321005411
Sod1	82.6036	155.82	95.7556	259.606	257.428	258.517	6.385493161	7.292965755	8.02572649	8.013618581	8.019685237	6.596273259	2.32076383
Lta	3.84201	22.3108	19.7856	33.7894	37.2176	35.5035	2.275606059	4.542926612	5.120575892	5.256165277	5.189962893	4.377512488	2.318549989
Alkbh2	3.57018	6.35218	4.84941	11.5881	11.1661	11.3771	2.192250988	2.878172088	3.653988639	3.604794863	3.62960142	2.548291115	2.310576187
3300005D01Rik	2.69631	7.8516	9.7844	18.5335	12.691	15.61225	1.886085757	3.145938258	4.287878568	3.775155921	4.054175583	3.430874008	2.303562655
Ptpn7	5.80137	12.9546	15.2668	26.2239	26.0095	26.1167	2.765825378	3.802668866	4.766801852	4.755395028	4.761109714	4.023858567	2.302872459
Zfp511	11.5873	17.1755	12.6766	37.123	26.2646	31.6938	3.65389695	4.183923147	5.252589748	4.768957085	5.030945166	3.773637716	2.294468549
Erdr1	385.44	753.296	375.152	1594.4	715.613	1155.0065	8.594100624	9.558986965	10.63970247	9.485050405	10.17493379	8.555171951	2.288821564
Pfkfb4	3.44727	6.9452	5.42222	11.6653	12.4524	12.05885	2.152919995	2.990083536	3.662809345	3.749791677	3.706955949	2.683072087	2.287528241
Ddrgk1	24.6269	49.3842	27.0224	81.8362	72.2008	77.0185	4.679587066	5.654899484	6.372189468	6.19378751	6.285744356	4.808508617	2.286919685
Zfp688	13.003	20.093	8.01277	35.2519	27.228	31.23995	3.807664038	4.398692395	5.179984705	4.81905501	5.010777601	3.171970575	2.279801853
Tmem8	3.44513	6.18903	8.08653	14.8446	12.0795	13.46205	2.152225612	2.845797124	3.985919334	3.709235486	3.854200164	3.183729458	2.27903936
Pcbd2	12.0347	19.3743	9.21902	33.5836	28.075	30.8293	3.704285474	4.348678588	5.11201615	4.861707287	4.992283524	3.353184944	2.276456003
Rhob	9.64029	11.5509	6.36316	20.6693	20.9194	20.79435	3.411465567	3.649718916	4.437580645	4.454136403	4.445882272	2.880325051	2.264000058
Cyp4f18	70.9594	75.831	71.2328	165.867	163.108	164.4875	6.169111252	6.263616626	7.382554862	7.358501759	7.370578438	6.17458219	2.263348579
B3gnt8	46.829	54.6526	8.66043	99.8447	65.9159	82.8803	5.579813723	5.798377184	6.655991453	6.064277148	6.390260116	3.272087407	2.257457031
Stap1	14.9659	37.7027	33.0327	65.8916	63.0529	64.47225	3.996921975	5.274362311	6.063753149	6.001191985	6.032811654	5.088849708	2.256870666
Arhgap9	27.66	50.6937	55.4388	111.33	89.7094	100.5197	4.840966704	5.691916562	6.81159947	6.503180156	6.665615901	5.818615409	2.253931274
Mrps15	14.8378	31.5441	18.8604	59.6995	38.0588	48.87915	3.985300042	5.024324112	5.923612728	5.287575721	5.640364975	4.311822775	2.247582473
Zbtb7b	7.91578	15.1036	10.2423	26.2753	23.544	24.90965	3.156361018	4.009311337	4.76952316	4.617298483	4.695417622	3.490865314	2.246698002
Znrd1	21.8015	34.2061	17.0931	63.8596	45.1931	54.52635	4.51105683	5.137753515	6.019248221	5.529605463	5.795100659	4.17736771	2.237722074
Pttg1	12.2687	14.006	13.6853	33.8993	25.6974	29.79835	3.729955125	3.907467558	5.125126194	4.738627343	4.944781157	3.876300833	2.237113363
Mutyh	4.71294	7.8683	4.08875	14.649	10.1729	12.41095	2.514233378	3.148657575	3.967998564	3.48193179	3.745339533	2.347311316	2.233525635
Tubb4b	87.0884	111.26	42.2226	200.282	156.764	178.523	6.460880144	6.810700154	7.653074352	7.301624226	7.48802488	5.433713953	2.226240902
5730408K05Rik	8.4691	9.85764	10.9539	27.858	15.4665	21.66225	3.24322731	3.44063865	4.850899412	4.041462034	4.5022192	3.579409474	2.219444315
Rpl30	19.843	26.4622	11.2443	48.5028	36.4392	42.471	4.381491039	4.779375299	5.629438225	5.226477703	5.441981378	3.614038393	2.213972319
Abhd8	7.86509	12.5268	7.44839	24.3916	16.3758	20.3837	3.148135278	3.75774868	4.666279401	4.119007497	4.418439598	3.078676435	2.196497305
Dap	13.8819	15.3154	8.90653	35.5354	19.8765	27.70595	3.895486825	4.028162453	5.191223097	4.383807955	4.843277896	3.308379807	2.181351586
Ypel3	204.308	227.321	49.341	449.446	247.867	348.6565	7.681646034	7.834919748	8.815210354	7.95923113	8.449794514	5.65366197	2.174708402
Tpt1	1805.92	3055.26	1948.94	5435.89	4416.96	4926.425	10.81931692	11.57755157	12.40856592	12.10916464	12.2666182	10.92921402	2.170193036
Hist1h4i	10.0665	12.7177	5.95995	25.7736	15.7591	20.76635	3.468127108	3.777966705	4.742739233	4.06687277	4.444027597	2.799076942	2.16736449
Cyp4f13	7.78732	14.2007	13.581	26.2416	25.1188	25.6802	3.135423232	3.926065857	4.767739536	4.70701671	4.737697576	3.866017761	2.165946658
Hopx	7.20393	12.5657	7.91215	18.865	20.9155	19.89025	3.036315182	3.761891589	4.312156888	4.453879689	4.384757853	3.155773515	2.155596569
Atpif1	33.7386	42.4658	16.8406	74.3893	58.861	66.62515	5.118467708	5.441808793	6.236287871	5.903544475	6.079487984	4.15709223	2.148158955
Impdh1	9.51153	12.4814	5.21166	21.8122	16.9522	19.3822	3.39390077	3.752898418	4.511733681	4.166088749	4.349237875	2.634978865	2.137381964
Mpv17l2	19.0648	25.8254	10.9909	50.4692	28.9914	39.7303	4.326594871	4.745527778	5.685637453	4.906476964	5.348030535	3.583868042	2.132937612
Sit1	5.85078	7.28277	2.96629	11.6336	11.2284	11.431	2.776268256	3.050113328	3.659193895	3.612163745	3.635870452	1.987790166	2.130021168
Josd2	15.3611	28.169	17.8406	52.0416	34.9198	43.4807	4.032197843	4.866364022	5.72905239	5.166707412	5.475107587	4.235773005	2.125478445
H2-T23	208.021	349.612	201.715	617.322	445.981	531.6515	7.707504085	8.453731564	9.272214528	8.804069697	9.057048114	7.663309035	2.100426287
Tuba1c	32.6557	43.9662	22.8319	77.5242	61.4444	69.4843	5.072778958	5.490769065	6.295065435	5.964500292	6.139230036	4.57482207	2.095977228
Cirbp	58.1214	72.5207	46.7675	135.273	112.548	123.9105	5.885608528	6.200078598	7.090355937	6.827158485	6.964750945	5.577957468	2.095329114
Tmem120a	8.92322	11.5046	5.60675	19.8968	16.2817	18.08925	3.310808339	3.644387004	4.385210129	4.111173237	4.254688517	2.723940754	2.084449638
8430410A17Rik/Hmces	12.6434	18.2654	11.3486	33.9291	24.6278	29.27845	3.770131311	4.267940235	5.126357565	4.679637732	4.920219448	3.626275583	2.078579136
Atraid	27.8559	40.3532	24.008	69.6126	57.9644	63.7885	4.850794423	5.369927067	6.141853734	5.881772279	6.017665851	4.644317778	2.075162849
Bin1	78.2471	121.333	71.6523	211.596	162.291	186.9435	6.308286237	6.934669821	7.731970643	7.351301467	7.554155211	6.182936566	2.067712043
Gpr132	17.1697	38.9843	31.7861	53.635	66.1175	59.87625	4.183462694	5.321361726	5.771753554	6.068617074	5.927807586	5.035012394	2.042626174
Oaz1	121.313	111.18	65.912	259.448	146.728	203.088	6.934433938	6.809671678	8.024851548	7.206799487	7.673047547	6.064193062	2.041735226
Thap3	22.611	30.043	16.6975	51.6012	41.9945	46.79785	4.56138724	4.956196081	5.717023807	5.426080212	5.578873821	4.14547367	2.024376546
Hspb11	5.73886	8.69327	7.40157	17.1608	12.1246	14.6427	2.752504554	3.276983437	4.182755851	3.714201549	3.967417645	3.070658949	2.011940257
Fam69a	16.4288	18.8857	9.94226	30.1962	29.4557	29.82595	4.123401336	4.313659442	4.9632984	4.928640359	4.946073451	3.451838836	1.977115684
Lsm5	20.3922	23.7072	19.5469	41.009	41.7818	41.3954	4.419012954	4.626859618	5.392626539	5.418925279	5.405835832	4.36084884	1.951192764
Coa6	9.15654	11.5341	7.67064	21.9931	14.869	18.43105	3.344337102	3.647786503	4.523129083	3.988139313	4.280291957	3.116138486	1.949599948
Cyp27a1	7.11262	7.88548	10.0067	15.817	16.3972	16.1071	3.020167913	3.151449714	4.07184846	4.120783224	4.096523309	3.460310084	1.932480964
Cyb5r1	7.29196	6.20134	5.57893	11.8443	12.1716	12.00795	3.051713157	2.848265383	3.683056362	3.7193587	3.701321712	2.717852962	1.888811639
Scml4	9.21425	9.38226	4.78481	14.3217	15.0789	14.7003	3.35251137	3.376048617	3.937504473	4.007096806	3.972720221	2.532269575	1.88615955
Epb4.1	13.3873	13.8215	10.5844	23.9228	23.5292	23.726	3.846723968	3.889619557	4.639394255	4.616428277	4.627956964	3.534111418	1.883354678
Casp4	5.47291	9.10485	8.87816	18.065	11.2641	14.66455	2.694414445	3.336976001	4.252854626	3.616369461	3.96943142	3.304242337	1.875588338
2810008D09Rik	18.292	37.1064	35.4032	59.6997	53.4559	56.5778	4.26993081	5.251961415	5.923617481	5.76701646	5.847440761	5.18599337	1.869277634
Rpl22l1	110.398	194.486	187.985	304.103	307.913	306.008	6.799579521	7.61092148	8.253152555	8.271056775	8.26213244	7.56212792	1.862612581
Hist1h2bc	9.8501	11.7059	10.6962	26.2726	13.5158	19.8942	3.439636434	3.667426665	4.769380339	3.859552179	4.385030616	3.547967981	1.85049702
Akr1b10	9.4392	9.57339	7.33587	15.6066	15.2909	15.44875	3.383939251	3.402366097	4.053684824	4.025994403	4.039906047	3.059332779	1.758973769