	T1	T2	FO1	FO2	FO	MZ	T1log	T2log	FO1log	FO2log	FOlog	MZlog	fold
I830077J02Rik	1	1.05064	1	2.72597	1.862985	64.7863	1	1.036074242	1	1.897616058	1.517520112	6.039715269	44.86112097
AW011738	1	1	1	1.82017	1.410085	30.0409	1	1	1	1.495782131	1.269084029	4.956098483	24.92932822
Rap1gap	1	1	1	1.31978	1.15989	25.7263	1	1	1	1.213987992	1.11095784	4.740188219	23.8218613
Ccbp2/Ackr2	1	2.10815	1	3.94452	2.47226	43.8628	1	1.63605613	1	2.305830475	1.79587498	5.48744776	21.78795356
Myof	3.8455	2.55327	1	2.40366	1.70183	52.3016	2.276645543	1.829147318	1	1.76708693	1.433936903	5.736106935	21.34229982
Tsga13	1	1	1	1.04841	1.024205	20.9042	1	1	1	1.034504507	1.017355405	4.453135619	20.65423216
Asb2	1.38418	1	1	2.8191	1.90955	29.8359	1.25349316	1	1	1.933232696	1.540796039	4.946539049	19.2387898
Tlr3	1	1	1	1	1	18.9353	1	1	1	1	1	4.317253411	18.9353
Tbc1d9	1	1	1	1.18846	1.09423	17.7468	1	1	1	1.129916015	1.066419896	4.22857245	16.94828171
Zc3h12c	1	1	1	1	1	16.9318	1	1	1	1	1	4.164448409	16.9318
Cxcr7/Ackr3	1.63117	3.57493	1	1.26417	1.132085	30.2459	1.395704464	2.193749669	1	1.178982284	1.092264955	4.965594991	16.19534501
S1pr3	6.69439	4.30529	1	3.77766	2.38883	63.8462	2.943806956	2.407431615	1	2.256304189	1.760787266	6.01895013	16.18680969
Pla2g7	1	1	1	1.25149	1.125745	17.0582	1	1	1	1.17088007	1.087968545	4.17458219	16.04914983
Nebl	1	1	1	1	1	15.8882	1	1	1	1	1	4.077943664	15.8882
Ptpn14	1	1.0273	1	1.96967	1.484835	19.1814	1	1.019559595	1	1.570302623	1.313150056	4.334954354	15.35442478
Ffar2	1	1	1.02309	3.48113	2.25211	24.6376	1	1	1.016560502	2.16386258	1.701376056	4.680189309	15.15176301
Gm6377	2.34931	2.23983	1.98334	4.00698	2.99516	35.9061	1.743863913	1.695918114	1.576928406	2.323940693	1.998253282	5.205787386	13.57577797
Cdh17	1.01148	2.26407	1.26423	4.07329	2.66876	29.2234	1.008257393	1.706671997	1.179020514	2.34292163	1.875292531	4.917594061	13.57165331
Serpine2	1	1	1	1	1	13.0098	1	1	1	1	1	3.808364455	13.0098
Lilrb4	1	1	1	1.16172	1.08086	13.3942	1	1	1	1.112179668	1.057179904	3.847415704	12.87371568
Cd300lf	1	1	1.46927	3.05614	2.262705	21	1	1	1.304084595	2.020107449	1.706068551	4.459431619	12.87275436
Tspan15	1	1	1	1	1	12.461	1	1	1	1	1	3.750713685	12.461
Xist	14.6312	8.94617	8.81075	5.18674	6.998745	116.189	3.966356633	3.31414109	3.29436343	2.629179405	2.999773659	6.872693347	12.36880191
Fcrl5	1.82055	11.7539	5.42469	14.1741	9.799395	94.5596	1.495976512	3.672866569	2.683626844	3.923539045	3.432878587	6.57832891	11.40191311
Cd9	5.90711	11.2995	3.90678	13.0865	8.49664	94.9653	2.7880822	3.620527763	2.294776588	3.816241292	3.247417165	6.584440932	11.10708836
Cr2	9.51679	45.104	46.1652	92.6754	69.4203	509.816	3.394622518	5.52682002	5.55965088	6.549598328	6.137919468	8.996659904	10.54093533
Mpeg1	6.24779	8.16702	1.44564	7.4069	4.42627	59.332	2.857541155	3.196452821	1.290212054	3.071573912	2.439960835	5.914851503	10.20004427
Il9r	1	7.9735	13.2507	22.8132	18.03195	111.099	1	3.1656708	3.832960882	4.573689597	4.250351482	6.808629598	9.867265872
Adrbk2	1	1	1	2.0849	1.54245	12.4177	1	1	1	1.625223724	1.346219402	3.746065488	9.768294362
Sema7a	5.39158	11.4798	4.57957	10.4895	7.534535	71.7842	2.67617261	3.641522909	2.480153942	3.522244111	3.093312551	6.185553399	8.989754371
Mfhas1	6.23227	5.12103	3.35244	4.76596	4.0592	42.9475	2.854448538	2.613774439	2.12182441	2.527560829	2.338909273	5.457709193	8.822547595
Wdfy2	3.31883	2.31221	1	4.55756	2.77878	23.9324	2.11064053	1.727794145	1	2.474451619	1.917920528	4.639949859	8.555994494
Lnpep	8.2422	3.05887	1.75449	5.13214	3.443315	37.6859	3.20823631	2.021078133	1.461785225	2.616390635	2.151636422	5.273735932	8.288216762
Rgs10	4.05304	7.08385	1.70724	9.10426	5.40575	44.3846	2.3371516	3.015042552	1.43682279	3.336891763	2.679367495	5.504130937	8.088903104
Cacna1e	6.59132	1.98408	1	1.92636	1.46318	22.9625	2.924350767	1.577286213	1	1.54910726	1.300522058	4.582706527	7.985734357
Inpp4a	1.76454	2.03657	1.53703	2.2698	1.903415	14.8284	1.467039446	1.602442627	1.343140579	1.709202395	1.537750799	3.984443524	7.796275996
Pde8a	1	1.41448	1.01764	2.77074	1.89419	11.5375	1	1.271712513	1.012668783	1.914847677	1.533159636	3.648177796	7.440116333
Rhbdf1	1	1	6.55283	5.91476	6.233795	25.8644	1	1	2.917017315	2.789679179	2.854752714	4.747623712	7.150990593
Gm4759	3.56093	1.43343	1	3.33351	2.166755	16.5805	2.189328028	1.282991275	1	2.115536034	1.663005256	4.135904197	7.110090514
Naip5	1.69237	1.46473	1.30201	2.39541	1.84871	12.0865	1.428876687	1.301429615	1.202894101	1.763585792	1.510308762	3.710007393	7.053156166
Plxnd1	10.2721	12.3927	1	4.05587	2.527935	48.6094	3.494684411	3.743374936	1	2.337959368	1.81882398	5.632541604	7.0141739
Sirpa	1.26735	2.03418	1.30044	3.16267	2.231555	12.6192	1.18100711	1.601306675	1.201909829	2.057509192	1.692228546	3.767570056	6.500855159
Kcna3	2.52522	1.57901	1	4.10498	2.55249	14.8607	1.817713295	1.366817367	1	2.351905309	1.828830588	3.98738454	6.454712185
Crebl2	5.09894	6.07243	4.99859	9.11252	7.055555	40.0073	2.608558523	2.822205992	2.584623428	3.338070651	3.009983989	5.357808852	6.329648041
Cd1d2	2.94567	2.79802	1.22257	2.52516	1.873865	13.9227	1.9802703	1.925247503	1.152228858	1.81768874	1.522992293	3.899436684	5.867488742
Cd36	14.7805	18.3217	3.09197	16.0827	9.587335	76.4946	3.980071012	4.272150129	2.032795568	4.094464113	3.404267581	6.276023879	5.85303596
Cd1d1	30.3961	33.3695	17.7724	27.1578	22.4651	157.08	4.972513455	5.103056959	4.230541201	4.815462714	4.552444704	7.304511042	5.780536138
Dusp16	3.25492	3.9282	3.92244	4.86814	4.39529	23.051	2.089132007	2.301060806	2.299373621	2.552903291	2.431700508	4.588024975	5.772238116
Cyp39a1	4.35227	3.51479	2.43107	4.01965	3.22536	20.0969	2.420150896	2.174658884	1.77865856	2.327586774	2.079074264	4.398959118	5.614529627
Gbp7	3.22221	2.83595	1.65813	3.23665	2.44739	15.3262	2.077998336	1.939583916	1.410411664	2.082923949	1.785504519	4.029117131	5.597109087
Cbl	7.65814	2.90921	1	5.4843	3.24215	22.9515	3.114057129	1.966877087	1	2.69695084	2.084795635	4.582044105	5.383995097
Tmem245	2.55141	1.97075	1.07712	3.28696	2.18204	11.7153	1.828391925	1.570827202	1.054584566	2.099954956	1.669951971	3.668493596	5.27345649
Lipc	2.9751	3.27157	1	1.02615	1.013075	10.6928	1.990991154	2.094766425	1	1.018740984	1.009400923	3.547548539	5.170087105
Zbed6	6.54319	1.28663	1	3.44715	2.223575	15.841	2.915174765	1.193222942	1	2.152881067	1.68866155	4.073905901	5.161208344
"H2-Q6,H2-Q8"	32.4671	20.2195	12.237	1	6.6185	80.3366	5.064671639	4.407318757	3.726504285	1	2.929506975	6.34583278	4.874527483
Ceacam2	1.95325	2.72933	2.80501	2.089	2.447005	11.6481	1.562303489	1.898916464	1.927900245	1.627139871	1.785343391	3.660848774	4.865239088
Fam49a	2.69048	2.4388	3.47547	5.38774	4.431605	16.7002	1.883808472	1.781905211	2.162039198	2.675305592	2.441378567	4.145693757	4.774046649
Pdia4	54.0681	103.353	57.4802	103.068	80.2741	374.552	5.783144927	6.705328266	5.86987634	6.70138271	6.34472377	8.552868871	4.711800793
Mcoln3	2.7654	4.97925	1.61025	2.56339	2.08682	13.9481	1.912803131	2.579964533	1.384187989	1.83325039	1.626121358	3.901890215	4.681242024
Marcks	33.4551	21.5578	9.58771	16.4129	13.000305	94.55	5.10664564	4.495554467	3.40431868	4.122084589	3.807386352	6.578183968	4.668357167
Sesn3	10.0984	11.6706	8.25839	15.2842	11.771295	52.0733	3.4722798	3.663412938	3.210761336	4.025400941	3.674832916	5.729914351	4.596907767
Camkmt	2.02741	1.83258	2.00823	3.28247	2.64535	10.4693	1.598084072	1.502116702	1.588914875	2.09844314	1.866057338	3.519705438	4.576398064
Hdgfrp3	3.13409	7.10411	5.47778	10.1659	7.82184	29.4389	2.047569797	3.018653756	2.695499472	3.481027636	3.141079595	4.927844319	4.549731318
Ptpn22	5.57678	14.7376	6.96148	15.0907	11.02609	47.5315	2.717381411	3.97614364	2.993036646	4.008155184	3.588095755	5.600849546	4.487643085
Stom	4.61897	3.96772	1	1.91817	1.459085	12.7656	2.490305698	2.31258386	1	1.545063931	1.298121604	3.782995589	4.438333018
Lyst	6.1778	4.95866	2.1749	6.34959	4.262245	21.772	2.843541725	2.57498793	1.666711152	2.877663771	2.395678419	4.5091891	4.429490945
Plxnc1	5.97875	12.0662	7.39593	11.4278	9.411865	38.9665	2.802968651	3.707767723	3.069690138	3.635499024	3.380156606	5.320719332	4.227599144
Gm7609	6.71399	7.18504	7.24411	12.6128	9.928455	35.6506	2.947477276	3.032989467	3.043363755	3.766891938	3.450017551	5.195764912	4.224512782
Tlr7	7.20532	11.2297	7.37301	12.1233	9.748155	39.7285	3.036559599	3.612317109	3.065746348	3.714058642	3.426017127	5.347966777	4.189518269
Pde4a	5.53854	8.42218	2.11648	4.41039	3.263435	21.3702	2.70896853	3.236060893	1.639917454	2.435732592	2.092016262	4.48350625	4.172320903
Csf2rb	10.2682	10.7004	1.87185	6.63287	4.25236	30.5103	3.49418517	3.548485947	1.521980398	2.93222562	2.392965803	4.977751585	4.140734739
Id2	5.67319	4.24495	1	3.95814	2.47907	15.2553	2.738376581	2.39092902	1	2.309799009	1.798701707	4.022838277	4.101912575
Vasn	4.9458	2.90655	1	2.95861	1.979305	12.0117	2.571870936	1.965895079	1	1.984993941	1.574975824	3.70173756	4.067984313
Alpl	2.36626	5.62929	1.10189	2.99499	2.04844	12.1517	1.75114661	2.728854365	1.071687169	1.998191892	1.608071151	3.71717739	4.019605654
Mdm4	30.5475	12.598	4.03974	18.4329	11.23632	64.6799	4.979453777	3.76532257	2.333349307	4.280429307	3.613097836	6.037380025	3.942806059
Nr1d2	2.06436	2.00874	3.61311	5.38845	4.50078	12.6075	1.615585795	1.589159442	2.205739694	2.675465939	2.459636205	3.766330131	3.857079266
Rsu1	6.54081	10.0631	13.4202	15.3783	14.39925	43.5473	2.9147195	3.467683796	3.850019269	4.033713714	3.944788183	5.477266088	3.836562861
Cd274	6.92482	11.7925	10.2576	14.0674	12.1625	41.2676	2.986378167	3.677226328	3.492827388	3.913358585	3.718361626	5.401480292	3.835072087
Tm6sf1	10.7445	29.4552	18.1205	32.1831	25.1518	83.6619	3.55391339	4.928616674	4.257048345	5.052376766	4.708838344	6.403640961	3.697628705
Ikbke	1	2.15667	5.14158	5.47226	5.30692	12.5742	1	1.658403448	2.618609855	2.694269564	2.656935633	3.76279527	3.652500888
Dtx1	24.8699	55.1673	57.4877	77.7875	67.6376	193.74	4.693202572	5.811658548	5.870061352	6.299894853	6.100927203	7.605405437	3.599235344
9930111J21Rik1	29.695	12.2733	4.50104	26.5722	15.53662	65.1497	4.939931765	3.730455192	2.459704393	4.78514248	4.04759248	6.047662709	3.567816341
Pkd1	4.39587	5.41406	5.10886	8.58028	6.84457	20.9317	2.431855591	2.681237849	2.610903178	3.260067822	2.971694368	4.454945739	3.562983556
Lrrc16a	5.1996	5.65851	1.65502	4.13483	2.894925	14.7977	2.632175135	2.735199376	1.408722729	2.360316514	1.961595548	3.981642625	3.555438624
Impact	3.81862	4.3632	3.70817	6.61786	5.163015	16.3069	2.268620034	2.423094054	2.235166413	2.929385774	2.623636302	4.113275428	3.524320761
Epm2aip1	4.20742	3.02204	3.06207	4.38105	3.72156	12.9147	2.380568771	2.00792743	2.022215101	2.427887712	2.239263604	3.798537899	3.520771398
Bmp2k	6.85123	11.7254	10.1759	16.9199	13.5479	39.9834	2.972918689	3.6696391	3.482319112	4.163490682	3.862739009	5.356967771	3.501753684
Kcnk5	6.37222	7.60924	5.23967	9.90084	7.570255	25.3767	2.882099124	3.105885886	2.641469731	3.446367406	3.099338131	4.721192175	3.485574637
Smg1	20.9454	14.1312	10.6602	18.8277	14.74395	55.5852	4.455846661	3.919454502	3.543520629	4.30944543	3.976725639	5.822352857	3.443700486
Uhmk1	8.98215	3.43863	1	9.06021	5.030105	19.2904	3.319350583	2.150114452	1	3.330588516	2.592183123	4.342725401	3.43230436
Lpar6	4.46958	5.61183	10.5415	12.1954	11.36845	27.9055	2.451430055	2.725049631	3.528758832	3.721963179	3.62859281	4.853272123	3.401211092
Ahcyl2	2.82014	4.62737	4.20994	6.14948	5.17971	15.1381	1.933625511	2.492460824	2.381266758	2.837838315	2.627539137	4.01239883	3.400496324
Ube3a	6.15331	3.22496	2.98282	4.62669	3.804755	14.3424	2.838610964	2.078937683	1.99379028	2.492286481	2.264462868	3.939452275	3.377109899
Ly96	6.85634	5.64024	3.23168	5.90944	4.57056	18.0475	2.973857367	2.731235386	2.081230535	2.788568787	2.477822367	4.25152975	3.336306539
Mycbp2	14.135	14.0381	12.9778	20.3057	16.64175	50.9007	3.91981677	3.910550395	3.805065404	4.413167547	4.140921773	5.697682092	3.312952555
Traf1	1	2.84287	16.6744	16.2252	16.4498	30.3026	1	1.942184172	4.143589335	4.106448829	4.125138596	4.968210588	3.298918118
5830416P10Rik	7.98362	10.3643	6.1617	10.9779	8.5698	28.9448	3.167296904	3.506436917	2.840302086	3.582303088	3.258488774	4.904233592	3.262532857
Tmem154	3.63517	9.06664	10.6061	12.7622	11.68415	29.357	2.212622252	3.331510322	3.536811359	3.78263921	3.664954939	4.92395732	3.255548708
Dnase1l3	5.42691	10.9081	1.30497	3.64687	2.47592	17.2424	2.68412527	3.573871337	1.204747974	2.216259285	1.797394878	4.18922364	3.240009677
Herc3	7.74204	8.11285	5.65279	8.73744	7.195115	24.423	3.127969979	3.187902321	2.733959495	3.283542534	3.034764194	4.668062378	3.230008676
Slc30a7	4.09569	4.36308	3.03811	4.05413	3.54612	12.4212	2.349277513	2.423061774	2.013680211	2.337462773	2.184635766	3.746441765	3.194956469
Nufip2	8.93703	6.26591	5.60776	7.97777	6.792765	22.8888	3.312814721	2.861143496	2.724161288	3.166357137	2.962135311	4.57826248	3.180273214
Suco	6.32133	5.17136	3.71141	6.41074	5.061075	17.1325	2.872105754	2.625588455	2.236158885	2.88961761	2.599573695	4.180505944	3.170506929
Hes5	4.442	8.03158	5.17206	5.54907	5.360565	18.364	2.444136957	3.174978397	2.625752087	2.711290051	2.669154924	4.275305094	3.166929011
Mdfic	5.25782	5.65945	3.2811	4.74595	4.013525	14.9351	2.645660161	2.735403031	2.097981535	2.522545439	2.325825316	3.994136168	3.153472914
Abr	3.81148	5.66956	5.47968	7.6659	6.57279	17.7665	2.266480732	2.737591588	2.695922567	3.115349589	2.920824922	4.230087704	3.140813785
Trim56	6.89732	3.27085	1	4.30796	2.65398	12.0797	2.98136315	2.094523229	1	2.408157499	1.869468737	3.709257546	3.122150047
Pik3r4	11.5788	18.5227	13.1591	19.9486	16.55385	49.1668	3.652922393	4.287080687	3.823657661	4.388781926	4.133715579	5.64866101	3.111369864
Mdn1	4.2959	6.7979	4.02891	6.95768	5.493295	16.9395	2.404875881	2.963085654	2.330245734	2.992347885	2.698950755	4.165067776	3.068695797
Ndst1	18.9744	15.626	5.22213	15.1328	10.177465	42.0273	4.320080262	4.055369212	2.637408538	4.011924948	3.482521123	5.427180408	3.059015386
Dram2	8.545	12.298	10.3847	14.5895	12.4871	34.9551	3.254745198	3.733137378	3.50902437	3.962502752	3.753508268	5.168124517	3.051701108
H2-Q5	74.5805	97.18	70.3521	111.355	90.85355	268.438	6.239942158	6.617357262	6.156883986	6.811920518	6.521263575	8.073809524	3.037766403
Mga	7.81331	4.69211	3.38542	5.72333	4.554375	16.3995	3.139683951	2.508963542	2.132715019	2.749175963	2.473624583	4.120973944	3.034953459
Vps13a	6.62011	3.90376	2.31661	4.36511	3.34086	13.02	2.929811824	2.293888372	1.729709376	2.423607751	2.117980894	3.809414444	3.026923227
Slc35a3	6.28698	4.37661	1.9008	4.9112	3.406	13.1438	2.865321031	2.426696827	1.53645083	2.563451034	2.139469495	3.822097874	3.008493562
Dph5	20.9859	31.0149	26.1399	30.1465	28.1432	80.7365	4.458506686	5.000671599	4.7623435	4.960998148	4.865087393	6.352908563	2.982310005
Heg1	9.73646	5.64013	1.65696	5.66477	3.660865	16.8878	3.424446485	2.731211487	1.409776509	2.736555089	2.220597726	4.160904058	2.976044042
Zscan26	11.8832	9.63046	12.4441	17.7374	15.09075	38.3425	3.687419077	3.410132121	3.748901274	4.227848874	4.008159667	5.298016731	2.966815462
1700020I14Rik	11.9771	8.1315	6.04696	9.96436	8.00566	26.7827	3.697896114	3.190851866	2.817001025	3.454749698	3.170832011	4.796114906	2.965975561
Ly6k	4.14051	5.03133	2.23681	5.42792	3.832365	12.2923	2.361911499	2.592476173	1.694572682	2.684351974	2.272729429	3.732518854	2.920381051
Pydc4	6.8193	3.36518	2.68349	4.3503	3.516895	12.5028	2.96703946	2.126041145	1.881073326	2.419619788	2.175331377	3.755186697	2.904542675
Cybb	36.7807	48.2952	44.3221	59.2353	51.7787	136.33	5.239577527	5.623375269	5.502142805	5.9125373	5.721883911	7.101503009	2.890899963
Hs3st1	1.6364	6.21982	6.13811	9.0122	7.575155	16.4219	1.398569276	2.851962869	2.835542134	3.32368711	3.100162749	4.122830065	2.855171988
Mgat4a	4.66557	5.16885	9.66601	12.1499	10.907955	22.5467	2.50222111	2.625001567	3.414948681	3.716979923	3.57385377	4.557452979	2.849474239
Ttc14	8.79937	6.21173	5.02879	7.66329	6.34604	19.686	3.292689002	2.850345385	2.591868477	3.114915012	2.876966752	4.370582797	2.842417369
Slc39a6	4.56749	5.36323	5.31576	6.94092	6.12834	15.7074	2.477027062	2.669759269	2.65895635	2.989306161	2.833566151	4.062415334	2.831769383
AI504432	5.15211	4.14639	7.01337	9.2346	8.123985	17.996	2.621081299	2.36356079	3.002409092	3.355382813	3.189664075	4.247623756	2.817766995
Zbtb6	6.3924	3.66326	3.64847	5.90881	4.77864	13.6699	2.886042823	2.221338869	2.216755945	2.788437237	2.530729995	3.874787132	2.787934904
Smad3	8.11598	6.1412	4.40023	5.69562	5.047925	16.8368	3.188397759	2.836166524	2.433020854	2.743217652	2.596440249	4.156784908	2.765454648
4932438A13Rik	7.00051	5.25295	4.26736	6.27006	5.26871	15.6727	3.000091969	2.644536981	2.397080064	2.861967271	2.64816859	4.05941585	2.75069677
Birc6	14.2958	10.4511	7.27061	12.1901	9.730355	29.7686	3.93506366	3.517414286	3.047993739	3.721383597	3.423625901	4.943386896	2.6935272
S1pr1	71.2358	70.5289	89.0454	91.1611	90.10325	216.201	6.174642108	6.16045435	6.492580672	6.526086031	6.509430616	7.762886935	2.685966944
Tcf4	13.0509	11.4683	8.49803	14.4236	11.460815	31.8508	3.812590637	3.640192868	3.247628313	3.947067637	3.639326526	5.037856599	2.685517939
Prkdc	4.52174	3.76493	3.17492	4.11919	3.647055	10.4591	2.465122958	2.25245502	2.061748553	2.355915553	2.21631672	3.518421834	2.685128729
Ranbp2	13.4449	8.0526	5.89362	9.76748	7.83055	24.9385	3.852488311	3.178332209	2.785261775	3.428608739	3.142503297	4.697023147	2.684546781
Tnpo1	14.0516	10.1154	3.91382	10.1905	7.05216	25.3614	3.91184495	3.474487961	2.296845011	3.484202593	3.00937584	4.720355086	2.65069509
Pip4k2a	28.295	25.9347	22.0123	29.9818	25.99705	70.3788	4.872582545	4.751394091	4.524333278	4.95334906	4.754729866	6.157423742	2.650208334
Herc1	8.19138	7.34284	5.53417	9.42588	7.480025	20.1642	3.200281485	3.060538577	2.70800399	3.382097255	3.084068518	4.403554051	2.644982156
Itm2c	3.25312	4.22755	5.26283	5.49859	5.38071	11.7957	2.088521561	2.386134956	2.646814719	2.70012673	2.673716966	3.677587168	2.586479948
2310044G17Rik	7.43364	9.03153	9.55628	12.5857	11.07099	24.9421	3.07615544	3.326469756	3.400029618	3.764016997	3.593472098	4.697223365	2.584194897
Pou2f1	5.78057	3.51685	3.34917	5.02197	4.18557	11.4139	2.761406557	2.175317004	2.120740102	2.590235521	2.374502579	3.633884524	2.584002318
Gbp5	4.40195	9.33273	7.94201	9.81993	8.88097	20.2322	2.433480286	3.369149572	3.160599159	3.435619261	3.304652676	4.40818196	2.569443959
Atrx	18.4589	9.84598	5.84289	10.611	8.226945	28.6472	4.282358253	3.43908851	2.774605756	3.537420325	3.205853057	4.889823952	2.560141845
Cyfip1	2.66337	3.46734	4.73825	5.61646	5.177355	10.5444	1.87317142	2.159416059	2.520610824	2.726059539	2.626989242	3.529121288	2.558478947
"Gm4070,Gvin1"	9.94983	7.57393	8.68775	16.232	12.459875	26.9653	3.452836567	3.099956639	3.276161636	4.10701825	3.750593107	4.805565902	2.541288409
Socs4	9.84537	4.76048	3.65202	7.61938	5.6357	16.4295	3.439007368	2.526189031	2.217857299	3.107584099	2.730248664	4.123459278	2.539605252
Pisd-ps2	11.6862	15.4949	20.8246	22.0567	21.44065	44.3571	3.665188087	4.043948127	4.447883307	4.527114136	4.48804256	5.503256496	2.532433945
Phc3	6.66649	4.30126	3.63087	6.04862	4.839745	13.0681	2.93856621	2.406335299	2.211283258	2.81734083	2.545905373	3.81435559	2.531689466
Ceacam16	2.3745	6.26217	4.88763	10.6639	7.775765	15.1797	1.754673754	2.860400703	2.55768701	3.543978351	3.133524893	4.016112953	2.510265336
Slc29a3	11.8805	12.1466	6.53396	9.87764	8.2058	25.1319	3.687116692	3.71661783	2.913408374	3.44329368	3.2025431	4.707740119	2.485925611
Pigm	7.17725	5.71252	5.63096	7.87847	6.754715	16.3163	3.031615748	2.746854482	2.729217752	3.150311083	2.955073761	4.114058795	2.472241583
Mll1/Kmt2a	14.2255	11.0291	8.28075	14.45	11.365375	29.608	3.928417701	3.588456801	3.214241398	3.949534933	3.628234087	4.935836874	2.468086614
St3gal2	2.59598	4.06187	4.51707	5.18286	4.849965	10.0557	1.846384997	2.339670456	2.463902285	2.628274339	2.548427993	3.466718468	2.458940027
Csgalnact2	5.92966	3.94231	4.05196	5.30223	4.677095	11.8187	2.792784569	2.305185505	2.336843216	2.655862406	2.505152884	3.680178054	2.458878944
Nab1	8.66453	12.5963	7.74569	11.5308	9.638245	24.8785	3.272699574	3.765142195	3.128572212	3.647406618	3.411188263	4.693682091	2.454873682
Rel	16.2321	9.21021	4.99613	12.5875	8.791815	26.279	4.107026622	3.351940634	2.584031662	3.76420813	3.291576301	4.769718854	2.443084335
Tpst2	7.25222	20.8071	35.3538	32.9056	34.1297	58.1237	3.044782283	4.446726022	5.184034269	5.08345167	5.134619351	5.885664652	2.413806994
Atm	6.83955	5.88998	3.82212	6.53185	5.176985	13.9137	2.970770844	2.784499795	2.269667553	2.913004268	2.626902827	3.898566321	2.411020859
Abhd2	8.74077	6.39856	2.54966	9.70324	6.12645	16.5036	3.284035821	2.887244503	1.827680844	3.419975679	2.833183585	4.129579769	2.409968082
Chd9	6.32555	4.10446	3.24508	4.52385	3.884465	10.9588	2.872937081	2.351758347	2.085791742	2.465674144	2.288200551	3.580000725	2.408667758
Dock10	24.2118	24.1448	17.7531	29.4961	23.6246	57.2348	4.656027218	4.652188173	4.229057196	4.93055285	4.622028385	5.863809633	2.394616226
Lrrc25	2.48153	6.83643	2.9139	6.69903	4.806465	11.3104	1.799721455	2.970196563	1.968606896	2.944676692	2.537660112	3.621805735	2.389829533
6030458C11Rik	5.17909	6.56908	5.14408	7.09195	6.118015	14.2857	2.627394387	2.920117955	2.619197001	3.016487406	2.831474973	3.934110716	2.382518491
3830406C13Rik	4.0825	5.75468	4.34642	4.78557	4.565995	11.2568	2.34553831	2.755887424	2.418573176	2.532459102	2.476639613	3.615510465	2.373704279
Smc6	15.0202	16.1546	11.2065	15.6668	13.43665	34.4299	4.001820254	4.100523581	3.609577687	4.058905231	3.851664101	5.146895488	2.372508316
2610005L07Rik	7.31673	5.50916	3.01928	7.86833	5.443805	14.0477	3.056016396	2.702471377	2.006937085	3.148662455	2.687912836	3.911471087	2.369570076
Foxn3	9.09289	6.78057	2.01645	8.66447	5.34046	15.6063	3.33526743	2.95987585	1.592851669	3.272690617	2.664587512	4.053658761	2.350843816
Mll2/Kmt2d	18.74	13.7227	7.47857	13.9297	10.704135	31.459	4.303050085	3.879970367	3.08382096	3.900113271	3.54894641	5.020546649	2.335877746
Aasdh	4.16651	4.80007	3.37697	4.87127	4.12412	10.031	2.369190063	2.536070312	2.129932496	2.553672603	2.357304262	3.463491677	2.33078243
Slc9a7	12.8181	10.1444	6.23838	14.585	10.41169	25.5079	3.788487353	3.478247041	2.855666848	3.96208625	3.512440556	4.728350477	2.330239794
Nlrc5	11.1814	11.8218	8.27514	12.3133	10.29422	25.3859	3.606608046	3.680526905	3.213369058	3.734796315	3.497512734	4.721695288	2.329428303
Ly6a	28.7128	156.345	229.984	302.277	266.1305	416.574	4.89301266	7.297787524	7.851649111	8.24449228	8.061400897	8.705888076	2.322950409
2700089E24Rik	4.15902	6.95913	7.912	7.77843	7.845215	15.5456	2.367097039	2.992610741	3.155749233	3.13396294	3.144897211	4.048375705	2.319496221
Nfat5	9.24046	7.39255	6.16313	10.085	8.124065	18.9729	3.356208617	3.069109227	2.840590125	3.470536865	3.189676724	4.319971917	2.308058662
Gpr137b	6.23821	5.41604	5.0308	8.06642	6.54861	14.268	2.855632965	2.681683136	2.592349392	3.180532995	2.916211011	3.932439187	2.305802443
Zfc3h1	10.5307	8.09922	6.24725	7.57645	6.91185	18.5149	3.527408193	3.18574288	2.857433662	3.100380605	2.984015074	4.286504165	2.282013532
Prrc2c	24.4814	18.1356	11.2188	17.7999	14.50935	40.8141	4.671372639	4.258187233	3.611030701	4.232653083	3.955066319	5.385917606	2.278981011
Serpina3g	16.6202	37.7727	40.7989	49.3237	45.0613	81.9101	4.139158395	5.276969298	5.385393071	5.653166094	5.525483224	6.373475955	2.267164422
BC016423	10.2464	6.75647	4.84663	7.94124	6.393935	16.8527	3.49139136	2.955400226	2.547605294	3.160474923	2.886342361	4.158070375	2.262810524
Tnrc6b	6.9143	5.922	3.83894	6.18505	5.011995	12.9209	2.984461753	2.791188942	2.274691051	2.844998196	2.587843809	3.799180581	2.26084621
Ubxn2a	4.73044	4.74213	3.48979	6.02798	4.758885	10.706	2.518645918	2.521585993	2.166647968	2.813110086	2.525789513	3.549176279	2.255041247
Setd7	6.37724	6.05359	3.80618	6.12593	4.966055	12.5914	2.883081171	2.818357719	2.264890681	2.833078312	2.576777278	3.764622165	2.252190454
4930470H14Rik	8.39443	5.31806	6.06943	4.95512	5.512275	13.897	3.23180563	2.659481638	2.821593897	2.57413058	2.703161623	3.896949921	2.247156491
Chd7	3.22292	5.72682	6.34988	8.67985	7.514865	13.3763	2.078240917	2.749924654	2.877720696	3.274984692	3.089983657	3.845620515	2.231292018
Gpr171	14.0007	17.815	18.0212	23.451	20.7361	40.801	3.90695792	4.233811384	4.24953636	4.611821565	4.442021203	5.385465551	2.22688875
Dennd2d	5.85999	16.7922	13.9283	22.2803	18.1043	32.7639	2.778206473	4.153173005	3.899977979	4.541037744	4.255825492	5.077409651	2.226534846
A930005H10Rik	12.3203	22.5281	18.0819	22.7649	20.4234	42.1148	3.73555467	4.556312916	4.254132924	4.570760426	4.421115556	5.430111283	2.225493823
Ero1l	4.63765	5.80911	4.34249	5.88038	5.111435	11.4626	2.495093914	2.76746624	2.417512302	2.782488246	2.611511173	3.639533176	2.218249674
Itgb1	10.4034	8.97882	5.4048	8.12729	6.766045	18.2493	3.511392133	3.318869226	2.679153521	3.190186571	2.957180067	4.266734078	2.217795239
Ids	4.14045	3.72504	4.95515	6.85262	5.903885	10.8973	2.36189466	2.240326543	2.574137848	2.973174085	2.787408433	3.572562297	2.215657192
Huwe1	22.8021	21.2654	18.1412	23.44	20.7906	47.3117	4.573016959	4.476731625	4.258609373	4.61117238	4.445634016	5.594300714	2.209570023
Zfp397	9.2133	6.01323	6.43987	6.51077	6.47532	15.5627	3.352377183	2.810079042	2.895277413	2.90896082	2.902135339	4.049865971	2.209263741
Ermp1	6.96748	7.08284	4.98895	7.15042	6.069685	14.3776	2.994123493	3.01486229	2.582303088	3.026874405	2.821645935	3.942758453	2.195917554
Tmem131	18.967	18.4111	12.8293	16.8175	14.8234	36.7605	4.319545682	4.278809971	3.789656228	4.155223019	3.983987722	5.238805963	2.193841393
Tespa1	7.74177	11.9261	17.6938	23.2516	20.4727	33.1987	3.127925421	3.692215153	4.224487959	4.600008027	4.424431703	5.09586958	2.190853587
Top1	15.9093	11.5362	8.33518	14.2408	11.28799	27.3435	4.079745032	3.648028196	3.222677841	3.929866728	3.619177042	4.824946015	2.186540662
Ggnbp1	5.33082	6.40405	2.32196	6.56884	4.4454	11.2656	2.662392377	2.888314638	1.732034702	2.92007221	2.445038028	3.616545903	2.184772664
Herc2	8.96832	7.97696	6.40244	9.30313	7.852785	17.7559	3.317350382	3.166226967	2.888000892	3.365010777	3.146131384	4.229272587	2.175245055
Cd86	8.00271	10.4311	8.3113	12.812	10.56165	21.4905	3.170359348	3.514892334	3.218982604	3.787850334	3.531275399	4.49124383	2.173111231
Malt1	46.2344	35.901	27.1156	41.8808	34.4982	81.9277	5.561766027	5.205588008	4.81329893	5.422259916	5.149673967	6.373782175	2.168377535
Eps15	26.2467	20.6099	15.4677	19.5762	17.52195	44.3801	4.768009603	4.433620491	4.041567167	4.362904666	4.211164089	5.503987883	2.167513019
Inpp5f	12.684	16.2667	12.7231	17.2765	14.9998	31.8393	3.774418104	4.109920477	3.778534513	4.191917912	3.999981966	5.03735147	2.160416486
Cd180	73.7959	83.3188	67.5603	92.0493	79.8048	170.678	6.224887285	6.39778243	6.099301517	6.539923392	6.33636909	7.423561364	2.155540323
Hmgn3	9.42855	9.94594	3.73733	6.1781	4.957715	15.6246	3.382466672	3.452323948	2.244074173	2.843602022	2.574759111	4.055247724	2.133785275
Usp9x	9.92503	7.7748	6.8593	9.73252	8.29591	18.2439	3.449565336	3.133366243	2.974400822	3.423916956	3.216596101	4.266329303	2.128086575
Abcc1	1.55192	5.81351	6.35302	7.49823	6.925625	11.2787	1.351583103	2.768398198	2.878336909	3.08716239	2.986524708	3.618085919	2.126383581
Ranbp6	10.3042	7.61052	4.44564	8.23469	6.340165	16.1198	3.498786991	3.106100366	2.445101612	3.207063532	2.875812494	4.097593943	2.107504319
Itga4	27.9232	20.4171	17.1195	26.5191	21.8193	48.3109	4.854155273	4.420691239	4.17947124	4.782361383	4.512182631	5.623834679	2.100955763
Cept1	14.3271	22.6987	24.0353	34.5696	29.30245	49.7322	3.938012849	4.566736017	4.645891838	5.152572845	4.921362537	5.664829819	2.080177182
Gm11648	13.6851	16.7904	10.6011	13.2355	11.9183	27.7973	3.876281185	4.153027043	3.536189701	3.831421261	3.691344324	4.847861648	2.047227045
Phtf2	10.569	10.6864	8.32329	11.6891	10.006195	21.0415	3.532192261	3.54675867	3.220839143	3.665517842	3.46024389	4.462150503	2.039508294
Clcn3	12.8216	9.26762	6.49291	10.8348	8.663855	20.0441	3.788852728	3.360029903	2.905526123	3.564963421	3.272598808	4.395343906	2.034059984
Ltk	5.41428	6.6848	6.68703	7.62972	7.158375	13.4302	2.681287333	2.942007714	2.942426299	3.10931375	3.028281822	3.85101939	2.033659363
Abcg3	7.36681	8.50705	3.78181	6.75806	5.269935	13.4243	3.064677674	3.248997748	2.257556807	2.955695934	2.648450487	3.850429403	2.032927572
C130026I21Rik	5.33371	5.89016	4.73217	6.93041	5.83129	11.6287	2.663050813	2.784537485	2.519081397	2.987395455	2.772158038	3.65863423	2.032416561
Tbl1xr1	11.1206	11.7541	9.68381	11.9877	10.835755	22.5394	3.599389212	3.672889193	3.417354319	3.699074061	3.565079833	4.557005643	2.023911799
Clic4	26.6373	23.5424	12.6973	20.9222	16.80975	42.3303	4.788544775	4.617204432	3.775819633	4.454320682	4.15459536	5.43730432	2.020558669
Macf1	30.7548	34.6735	34.3682	51.5146	42.9414	76.0414	4.988902779	5.156780863	5.144380892	5.714646669	5.457508931	6.267562015	2.010200177
Larp4	11.5192	9.69232	6.17178	10.5324	8.35209	18.9901	3.646070469	3.418503015	2.842331233	3.527620877	3.225288814	4.321213784	2.003402285
Plekha1	11.2316	12.7275	9.38608	13.162	11.27404	23.2088	3.612541228	3.778997006	3.376579338	3.823953116	3.617538285	4.597459663	1.996147692
Slc7a1	5.02597	7.08528	6.41141	9.04728	7.729345	13.7231	2.591193491	3.015297736	2.889748037	3.328733083	3.125873406	3.880009563	1.991023557
Tmem18	7.71253	7.33487	3.39527	5.95953	4.6774	12.1307	3.123091719	3.059159697	2.135951792	2.798989879	2.50523039	3.714871924	1.988460057
Fubp1	15.0653	18.0368	14.8014	16.2718	15.5366	31.6675	4.005876017	4.250719083	3.981980481	4.110346538	4.047590735	5.029784146	1.973812355
Atl3	9.74072	7.14257	5.16185	9.39379	7.27782	15.5109	3.425018802	3.025484217	2.623363563	3.377649911	3.049250878	4.045346858	1.97346411
Bcap29	9.6578	13.74	13.0289	16.0364	14.53265	25.7547	3.41383776	3.881664619	3.810329987	4.090548604	3.957232081	4.741720447	1.963643018
Pde3b	6.95919	5.34041	4.09853	6.32585	5.21219	11.129	2.992621616	2.664576135	2.350081352	2.872996162	2.635101955	3.600388704	1.958987818
Nlrc4	7.43737	6.48045	6.09827	9.27827	7.68827	14.1515	3.076793369	2.903125061	2.827467452	3.361525551	3.119068938	3.921388723	1.932317347
Gypc	5.00012	7.99302	8.87528	9.64221	9.258745	15.2141	2.584991354	3.168805677	3.303821654	3.411725872	3.358782345	4.019177041	1.93129747
Maml2	5.11539	5.27246	6.41728	7.38808	6.90268	11.6651	2.612444507	2.649031365	2.890890231	3.068340621	2.982341991	3.662786563	1.928656842
Zranb2	18.5865	16.2644	13.4724	15.7453	14.60885	30.8538	4.291787714	4.109728291	3.855232283	4.065684318	3.964292344	4.993393584	1.92629775
Ms4a6c	9.69549	20.8454	22.6863	16.9798	19.83305	33.7792	3.418930674	4.449257617	4.56598095	4.168305068	4.380802163	5.120152843	1.924549108
Slc2a4rg-ps	5.33625	8.49071	8.28483	8.79921	8.54202	14.8585	2.663629259	3.246516019	3.214875495	3.292665446	3.25429471	3.987184413	1.922745948
Slc20a2	5.60799	8.03548	6.99963	7.53285	7.26624	13.397	2.724211504	3.175601245	2.999933274	3.093027687	3.047231251	3.847696314	1.901905703
Nup153	15.5985	12.9294	10.1374	14.7928	12.4651	25.3951	4.052980967	3.800061211	3.477340573	3.981195073	3.751153039	4.722198227	1.900187249
Erap1	16.4412	16.11	7.57963	13.7047	10.642165	25.5452	4.1244274	4.096767855	3.100915432	3.878205446	3.541287465	4.730379106	1.898017908
Cd38	53.2869	70.8613	67.8258	75.2476	71.5367	125.478	5.762532197	6.167143129	6.104877569	6.252620022	6.180639207	6.982742649	1.878261338
Pqlc2	11.1365	15.3029	12.0086	13.4089	12.70875	24.3502	3.601280523	4.027056712	3.701393801	3.848888297	3.777025123	4.663925224	1.878261138
Abl2	5.72106	4.82352	5.48562	6.83035	6.157985	10.7098	2.748688783	2.541891447	2.697244497	2.969076794	2.839553521	3.54964453	1.873935666
Tmem168	10.1531	9.55561	8.30865	12.3796	10.344125	18.9053	3.479372857	3.399938048	3.218571954	3.74196308	3.50387343	4.31508071	1.871952741
Dnajc3	11.9376	10.3602	8.82294	10.6768	9.74987	19.53	3.693498109	3.505916329	3.296154887	3.545573056	3.426247308	4.359661722	1.869009516
Irgm2	6.98505	6.02156	7.59218	8.15007	7.871125	13.3193	2.997301441	2.811791594	3.103024217	3.19378278	3.149117073	3.839889063	1.853193483
Ufl1	7.59158	7.53116	6.42055	9.62796	8.024255	14.3191	3.102923469	3.092741921	2.891526121	3.409792798	3.173807835	3.937259636	1.837475238
Notch2	20.9274	22.5152	19.0212	34.3656	26.6934	44.3798	4.454662852	4.555521697	4.323456542	5.144274833	4.791470283	5.503978346	1.833319219
Cdc37l1	9.08576	7.36314	6.49005	8.25333	7.37169	14.2308	3.334247895	3.064044714	2.904975349	3.209972642	3.06551889	3.928919816	1.824913087
2010012O05Rik	5.82038	8.03967	6.46947	7.55576	7.012615	12.7054	2.769852122	3.176270107	2.901005879	3.096896014	3.002273158	3.77667253	1.822524285
Dennd4a	10.1299	12.1315	12.3023	15.9716	14.13695	23.0046	3.476368725	3.714959818	3.733603808	4.085050676	3.920002636	4.585238991	1.820873726
Cd164	73.8674	65.5346	48.376	71.3086	59.8423	117.368	6.226265748	6.056032876	5.625738062	6.176095339	5.927002787	6.8871353	1.81202733
Etv3	16.0504	18.8935	11.8723	21.694	16.78315	31.0294	4.09173368	4.314225217	3.68619795	4.504239013	4.152438992	5.001324868	1.811666
Ube2r2	16.4102	23.2997	25.0972	29.7882	27.4427	42.786	4.121860871	4.602866598	4.705823121	4.944305619	4.829986518	5.452397756	1.80922308
Itpr2	10.6498	9.22915	8.1271	9.96681	9.046955	17.0023	3.542233282	3.354614363	3.190156538	3.455072034	3.328686415	4.170109334	1.790994937
Rab8b	7.78565	8.29725	7.09793	10.9341	9.016015	15.213	3.135149027	3.21680405	3.017553172	3.577017866	3.324236723	4.019079162	1.783735156
Zbtb4	8.93238	7.99524	8.60909	11.0897	9.849395	16.2971	3.312139458	3.169161774	3.264399811	3.59570654	3.43954269	4.112458273	1.779819535
Wapal	6.77108	9.65581	7.77938	13.0097	10.39454	16.497	2.958115114	3.413568358	3.13411906	3.808354157	3.510270779	4.129035677	1.77310977
Soat1	6.07043	8.01905	6.359	9.63801	7.998505	13.3192	2.821797958	3.172975479	2.879509735	3.411156393	3.169685334	3.839878988	1.770788151
St3gal6	11.8499	13.9771	12.6709	14.3702	13.52055	23.2049	3.683685227	3.904686398	3.773036318	3.942064033	3.860024195	4.597227229	1.755682538
Luc7l3	28.0192	24.7944	21.3162	27.2429	24.27955	44.3562	4.858935843	4.688985983	4.480019481	4.819816328	4.659898877	5.503227869	1.750222693
Atr	6.06284	5.69168	4.95054	6.41175	5.681145	10.083	2.820248414	2.742368457	2.573020596	2.88981422	2.74009537	3.470276545	1.744704395
Tmed8	12.0977	12.3278	8.93377	13.8142	11.373985	20.4739	3.711241587	3.736366751	3.312341344	3.888908815	3.629238285	4.424512326	1.736052065
Tmem30a	25.6653	20.5516	20.7411	24.0578	22.39945	39.4668	4.736891654	4.429723074	4.442353031	4.647187851	4.548402715	5.338666864	1.73450324
Ugcg	19.3669	19.5484	21.9773	25.8893	23.9333	37.618	4.348154503	4.360954158	4.522137376	4.748960293	4.640001936	5.271201545	1.733909951
Zmym6	7.8738	7.25742	6.02624	8.20146	7.11385	12.7027	3.149552038	3.045691087	2.812752857	3.201862792	3.020386632	3.776388287	1.730676742
Smcr8	9.47909	8.44542	6.84205	9.83648	8.339265	14.9686	3.389441534	3.239614949	2.97123084	3.437824299	3.223309014	3.997165929	1.73032196
Wdr11	8.62471	9.91273	7.58855	10.1667	8.877625	15.6007	3.266743072	3.447940156	3.102414583	3.481130996	3.304164198	4.053172172	1.719431654
Btbd19	7.71361	7.25411	7.59169	7.26983	7.43076	12.4752	3.123270543	3.045112665	3.10294194	3.047857673	3.07566269	3.752234781	1.672882045
Lrrk2	17.4928	18.9412	14.2754	23.5921	18.93375	30.842	4.208891775	4.317680324	3.933138254	4.620123032	4.317141235	4.992859049	1.660370248
Ctage5	20.6764	23.8942	23.206	25.8522	24.5291	38.2341	4.43805327	4.637737749	4.597292791	4.746968388	4.674070773	5.294036201	1.633433303
Mtdh	24.5068	22.5838	17.4525	29.7358	23.59415	37.8616	4.672810009	4.55972429	4.205744385	4.941848131	4.62024329	5.280273395	1.606365793